8227
2153
548
3801
1626
8809
9756
7327
8639
4292
7365
357
9762
977
5535
932
2869
3926
9397
1860
8131
1091
8408
316
5444
1506
3993
8188
9822
653
1116
3992
173
1409
2121
5669
118
818
7300
2314
6888
8512
959
111
2517
7288
2527
2440
576
6941
2108
296
8214
9528
925
3152
8450
382
676
3047
9692
3857
7173
766
674
90
2301
6612
6250
853
256
9384
6694
7853
2579
2845
1321
6634
7484
7763
313
3896
2903
8163
1733
7386
1530
4987
9753
799
6379
75
2144
5444
4785
2767
9225
7898
1864
3566
6333
3705
1816
8226
5040
4021
9768
4121
454
4368
8079
9307
7512
6688
2588
9533
6359
1538
8871
9142
4192
3039
600
2816
7505
6462
6230
1345
4427
619
1650
7739
7704
5559
549
4720
6319
4799
5670
8234
757
1
1201
1833
2247
7756
9269
7214
6325
247
8045
2985
5713
2390
129
3550
8824
7656
237
5741
7824
7348
9795
1842
5955
9525
5309
1562
2330
5748
6261
5447
3022
9973
184
757
4763
84
6648
8286
4119
4242
594
7307
1201
4682
7360
1597
5709
1161
287
7547
8367
494
2803
4556
3237
8413
3097
2103
6746
5738
4814
3065
7368
421
350
6615
4415
2737
4031
8565
3251
8409
7279
5254
6650
1829
4747
1172
3255
1577
3539
7939
4112
239
2778
3297
9959
9191
1202
2048
3415
2491
5735
1592
2172
4408
698
6759
6264
2554
785
9834
1028
1799
845
5088
8228
6286
348
4604
3118
3201
832
8748
3292
5617
1888
6985
2016
1290
2286
6686
8056
3199
6265
3035
6834
9158
4979
4732
1713
9687
1878
5382
240
8689
7714
7426
6742
6590
7818
6350
5211
1720
528
4159
1547
7900
5134
8811
1865
2766
9303
4727
6565
6669
940
3676
1777
1592
627
8127
5104
7601
7878
2769
240
4753
6296
8004
7641
6284
877
3440
7702
9750
4666
3476
6388
9974
3114
2401
2985
2443
6115
4467
6711
5021
2665
2993
1217
8325
1521
2424
9885
3070
6648
9987
8635
2589
8677
3214
3781
7760
6077
8874
5319
9604
4502
1123
2736
2505
6494
5649
9881
9465
5804
9324
3670
2615
4406
1971
2091
4597
6293
3759
2449
3417
4422
4835
1290
1728
1699
3495
5425
1187
1106
8854
8276
3289
7740
9412
2918
9469
7072
724
5313
3745
3432
600
25
8196
269
3098
7895
880
7255
7851
3828
9271
263
5547
3396
4159
8649
5480
4709
2811
5412
9386
3352
6973
4068
4702
3903
5384
8410
226
3064
3819
513
6417
5769
5515
8884
7598
8684
1807
5935
6
4157
9042
3300
7393
98
6036
6495
2618
1178
6658
2347
6911
41
3752
9622
9547
67
8084
738
3794
710
3453
5006
8317
9998
8868
7253
5431
1699
1705
5845
1718
9285
9985
1027
1614
5867
7670
6956
707
7320
64
2559
7677
9935
3651
9754
6081
7657
1481
3282
9806
6853
5041
6855
196
4751
1400
2439
8060
1811
6295
4177
8532
1396
7132
3773
8186
664
9070
5434
1739
9190
9212
9528
8364
7348
6389
9032
1561
3098
4493
4705
9836
8346
6206
2452
5536
3940
1261
9873
2918
8309
6527
7339
9416
8384
1596
1930
1356
1009
9939
9312
4524
5789
9758
5103
9924
7613
3079
5704
1131
7453
2122
2662
5269
3072
3197
7405
1240
8886
5454
2285
4477
2577
1980
3724
154
7252
9496
8723
1342
1677
1373
2422
220
3525
1742
1194
2044
9861
2831
3
3982
9195
2679
5947
689
9933
4725
1002
1027
8317
8752
8002
409
1486
7459
5402
7185
2406
5801
2974
7094
2932
6932
5044
7876
676
7445
5314
3149
4241
615
6911
1036
8667
2253
6183
9415
1625
9198
2819
3738
2832
9245
3720
9890
5700
9166
6430
9303
2895
6021
1876
1837
7136
7105
4979
4428
5701
762
5040
3167
1932
1095
6789
1723
3622
3011
7826
6273
1869
6416
7808
1637
3208
5564
6199
831
9677
2996
81
418
710
6214
7150
1995
6599
3771
5401
6396
8926
3365
778
3530
2364
4165
7518
8900
4755
433
5396
357
9873
8644
5674
1036
4860
5190
9495
2649
7822
1773
3305
6795
1411
8516
1651
1032
2961
1275
7007
5420
8088
7471
4074
8870
8761
8347
656
7775
6331
543
1781
3964
8636
6769
2567
1670
5077
609
1568
3496
9410
2482
5040
2585
1808
69
2762
5611
3351
887
6942
3795
8330
5839
3767
8090
2604
1857
5285
1443
8326
7142
2702
894
4951
2447
9392
92
6859
4856
7675
260
3662
7338
669
7062
9507
9635
9005
6670
8688
809
1564
635
6669
2845
8761
8832
9165
9837
5860
9818
2587
2877
6709
6451
3865
423
5198
743
6773
2576
5902
4101
6365
7181
7559
9080
596
981
1731
1111
8149
6169
8146
5706
3064
2338
1863
238
1971
7129
1588
9002
5603
8173
9651
1907
1451
672
3783
5949
7099
3427
2706
9379
4325
2547
9528
8152
4732
1188
2356
111
4702
6253
4249
8360
3812
2548
7643
7421
1111
9964
6431
6380
6805
9532
1281
5573
4804
98
8165
7622
1990
376
1840
1957
2606
3669
6839
6142
51
647
7895
814
2338
47
1112
5839
920
3950
1804
9764
9392
7039
9724
8296
1962
1236
8645
3426
4813
9766
7806
5564
238
2471
8190
1972
7297
4938
8972
7266
3792
3062
8198
1867
6074
8999
886
502
8269
5861
114
2621
3415
3977
8323
2374
7017
877
1625
4018
5086
435
5852
4693
810
1001
8405
5528
8278
443
7391
3628
603
2681
3176
7888
6413
411
6013
7060
1611
8147
6709
2846
6339
3330
8300
9661
8091
2125
8467
9101
1326
2561
5734
2283
4547
1637
5806
4697
3684
1199
7240
2451
7006
9833
6646
531
420
6821
2612
5346
9641
8447
3021
3264
4046
9042
6639
3559
408
9198
1949
9163
1957
2457
6260
3492
2465
2291
8240
1358
5444
2382
2879
3312
2462
7085
1414
1885
6182
4924
483
5848
160
481
6082
3739
8973
290
5076
9818
6599
4088
1517
3427
9197
7202
3758
296
